ALTER TABLE Job MODIFY name_job VARCHAR(20) CHARACTER SET utf8mb4 COLLATE utf8mb4_unicode_ci;
ALTER TABLE Monster MODIFY name_monster VARCHAR(20) CHARACTER SET utf8mb4 COLLATE utf8mb4_unicode_ci;

INSERT INTO Job (id_job, name_job, hp, def, res, spd, hit)
VALUES
  (1, '성기사', 67, 12, 15, 1, 95),
  (2, '나무꾼', 72, 6, 0, 2, 85),
  (3, '무사', 58, 4, 0, 7, 95),
  (4, '격투가', 64, 15, 0, 5, 90),
  (5, '궁수', 48, 4, 0, 8, 100),
  (6, '사냥꾼', 52, 7, 0, 6, 95),
  (7, '마법사', 44, 3, 7, 3, 95),
  (8, '무당', 53, 3, 3, 4, 95),
  (9, '폭탄마', 54, 5, 0, 3, 90),
  (10, '닌자', 50, 3, 0, 10, 95),
  (11, '성직자', 37, 2, 4, 1, 105),
  (12, '의사', 42, 2, 0, 1, 105);

INSERT INTO Monster (id_monster, name_monster, dungeon, hp, def, res, spd, hit)
VALUES
  (1, '키보드', 1, 30, 0, 0, 4, 100),
  (2, '마우스', 1, 25, 0, 0, 6, 100),
  (3, '모니터', 1, 42, 0, 0, 5, 90),
  (4, '컴퓨터', 1, 37, 15, 0, 2, 85),
  (5, '틀니', 1, 30, 0, 0, 5, 100),
  (6, '틀니_중독', 1, 25, 0, 5, 4, 95),
  (7, '마네킹', 1, 45, 20, 10, 5, 95),
  (8, '곰인형', 2, 55, 30, 0, 5, 85),
  (9, '토끼인형', 2, 42, 0, 0, 7, 100),
  (10, '고래인형', 2, 35, 0, 15, 2, 95),
  (11, '눈알', 2, 40, 0, 10, 4, 100),
  (12, '마이크', 2, 35, 0, 0, 6, 105),
  (13, '스피커', 2, 48, 15, 0, 3, 90);
